[3.0581207275390625, 0.8102678571428571]
[3.0581207275390625, 0.8102678571428571]
[3.0581207275390625, 0.8102678571428571]
[3.0581207275390625, 0.8102678571428571]
[3.0581207275390625, 0.8102678571428571]
[3.0581207275390625, 0.8102678571428571]
[3.0581207275390625, 0.8102678571428571]
[3.0581207275390625, 0.8102678571428571]
[3.0581207275390625, 0.8102678571428571]
[3.0581207275390625, 0.8102678571428571]
[3.0581207275390625, 0.8102678571428571]
[3.0581207275390625, 0.8102678571428571]
[3.0581207275390625, 0.8102678571428571]
[3.0581207275390625, 0.8102678571428571]
[3.0581207275390625, 0.8102678571428571]
[3.0581207275390625, 0.8102678571428571]
[3.0581207275390625, 0.8102678571428571]
[3.0581207275390625, 0.8102678571428571]
[3.0581207275390625, 0.8102678571428571]
[3.0581207275390625, 0.8102678571428571]
[3.0581207275390625, 0.8102678571428571]
[3.0581207275390625, 0.8102678571428571]
[3.0581207275390625, 0.8102678571428571]
[3.0581207275390625, 0.8102678571428571]
[3.0581207275390625, 0.8102678571428571]
[3.0581207275390625, 0.8102678571428571]
[3.0581207275390625, 0.8102678571428571]
[3.0581207275390625, 0.8102678571428571]
[3.0581207275390625, 0.8102678571428571]
[3.0581207275390625, 0.8102678571428571]
