[3.0581208084310805, 0.8102678571428571]
[3.0581208084310805, 0.8102678571428571]
[3.0581208084310805, 0.8102678571428571]
[3.0581208084310805, 0.8102678571428571]
[3.0581208084310805, 0.8102678571428571]
[3.0581208084310805, 0.8102678571428571]
[3.0581208084310805, 0.8102678571428571]
[3.0581208084310805, 0.8102678571428571]
[3.0581208084310805, 0.8102678571428571]
[3.0581208084310805, 0.8102678571428571]
[3.0581208084310805, 0.8102678571428571]
[3.0581208084310805, 0.8102678571428571]
[3.0581208084310805, 0.8102678571428571]
[3.0581208084310805, 0.8102678571428571]
[3.0581208084310805, 0.8102678571428571]
[1.5959009528160095, 0.8102678571428571]
[0.58619699733597896, 0.8102678571428571]
[0.4998305785868849, 0.8102678571428571]
[0.48539875660623821, 0.8102678571428571]
[0.48525111164365498, 0.8102678571428571]
[0.48446087379540714, 0.8102678571428571]
[0.48502878206116812, 0.8102678571428571]
[0.48571738494294031, 0.8102678571428571]
[0.48698090868336813, 0.8102678571428571]
[0.48300892753260477, 0.8102678571428571]
[0.48344958999327253, 0.8102678571428571]
[0.48741097854716436, 0.8102678571428571]
[0.48317201488784384, 0.8102678571428571]
[0.47893247434071134, 0.8102678571428571]
[0.47528361954859327, 0.8102678571428571]
