[3.0581208041736057, 0.8102678571428571]
[3.0581208041736057, 0.8102678571428571]
[3.0581208041736057, 0.8102678571428571]
[0.61243397636072971, 0.8102678571428571]
[0.52571552246809006, 0.8102678571428571]
[0.48681722368512836, 0.8102678571428571]
[0.48812592348882128, 0.8102678571428571]
[0.4854653977922031, 0.8102678571428571]
[0.48394647985696793, 0.8102678571428571]
[0.48340694180556704, 0.8102678571428571]
[0.48266823057617458, 0.8102678571428571]
[0.48262646262134823, 0.8102678571428571]
[0.4815562463232449, 0.8102678571428571]
[0.47984746950013296, 0.8102678571428571]
[0.48093366410051075, 0.8102678571428571]
[0.47525410460574286, 0.8102678571428571]
[0.47649049865347998, 0.8102678571428571]
[0.47077500075101852, 0.8102678571428571]
[0.46821017882653643, 0.8102678571428571]
[0.47148227159466061, 0.8102678571428571]
[0.46426989457436968, 0.8102678571428571]
[0.47217158015285221, 0.8102678571428571]
[0.45662683248519897, 0.8102678571428571]
[0.45342654415539335, 0.8102678571428571]
[0.44882240997893469, 0.8102678571428571]
[0.44842137396335602, 0.8102678571428571]
[0.446220763027668, 0.8102678571428571]
[0.44793175054447992, 0.8102678571428571]
[0.4406448890055929, 0.8102678571428571]
[0.46284942328929901, 0.8102678571428571]
