[3.058120833975928, 0.8102678571428571]
[3.058120833975928, 0.8102678571428571]
[3.058120833975928, 0.8102678571428571]
[3.058120833975928, 0.8102678571428571]
[3.058120833975928, 0.8102678571428571]
[3.058120833975928, 0.8102678571428571]
[3.058120833975928, 0.8102678571428571]
[3.058120833975928, 0.8102678571428571]
[3.058120833975928, 0.8102678571428571]
[3.058120833975928, 0.8102678571428571]
[3.058120833975928, 0.8102678571428571]
[3.058120833975928, 0.8102678571428571]
[3.058120833975928, 0.8102678571428571]
[3.058120833975928, 0.8102678571428571]
[3.058120833975928, 0.8102678571428571]
[3.058120833975928, 0.8102678571428571]
[3.058120833975928, 0.8102678571428571]
[3.058120833975928, 0.8102678571428571]
[3.058120833975928, 0.8102678571428571]
[3.058120833975928, 0.8102678571428571]
[3.058120833975928, 0.8102678571428571]
[3.058120833975928, 0.8102678571428571]
[3.058120833975928, 0.8102678571428571]
[3.058120833975928, 0.8102678571428571]
[3.058120833975928, 0.8102678571428571]
[3.058120833975928, 0.8102678571428571]
[3.058120833975928, 0.8102678571428571]
[3.058120833975928, 0.8102678571428571]
[3.058120833975928, 0.8102678571428571]
[3.058120833975928, 0.8102678571428571]
