[3.0581207615988597, 0.8102678571428571]
[3.0581207615988597, 0.8102678571428571]
[3.0581207615988597, 0.8102678571428571]
[3.0581207615988597, 0.8102678571428571]
[3.0581207615988597, 0.8102678571428571]
[3.0581207615988597, 0.8102678571428571]
[3.0581207615988597, 0.8102678571428571]
[3.0581207615988597, 0.8102678571428571]
[3.0581207615988597, 0.8102678571428571]
[3.0581207615988597, 0.8102678571428571]
[3.0581207615988597, 0.8102678571428571]
[3.0581207615988597, 0.8102678571428571]
[3.0581207615988597, 0.8102678571428571]
[3.0581207615988597, 0.8102678571428571]
[3.0581207615988597, 0.8102678571428571]
[3.0581207615988597, 0.8102678571428571]
[3.0581207615988597, 0.8102678571428571]
[3.0581207615988597, 0.8102678571428571]
[3.0581207615988597, 0.8102678571428571]
[3.0581207615988597, 0.8102678571428571]
[3.0581207615988597, 0.8102678571428571]
[3.0581207615988597, 0.8102678571428571]
[3.0581207615988597, 0.8102678571428571]
[3.0581207615988597, 0.8102678571428571]
[3.0581207615988597, 0.8102678571428571]
[3.0581207615988597, 0.8102678571428571]
[3.0581207615988597, 0.8102678571428571]
[3.0581207615988597, 0.8102678571428571]
[3.0581207615988597, 0.8102678571428571]
[3.0581207615988597, 0.8102678571428571]
