1.611357182264328003e-01
4.585873484611511230e-01
9.962309002876281738e-01
8.926558308303356171e-03
1.795326173305511475e-01
9.556559920310974121e-01
9.991829991340637207e-01
9.992458820343017578e-01
9.906936287879943848e-01
7.381953597068786621e-01
8.237702250480651855e-01
1.208115834742784500e-03
5.855146646499633789e-01
7.486676331609487534e-03
2.124024089425802231e-03
9.674711823463439941e-01
9.634974598884582520e-01
5.457832813262939453e-01
9.164796471595764160e-01
9.962161183357238770e-01
7.429002523422241211e-01
9.995288848876953125e-01
9.761363267898559570e-01
9.980966448783874512e-01
1.198595836758613586e-01
6.165549159049987793e-01
8.309598565101623535e-01
9.999963045120239258e-01
9.546598792076110840e-01
9.886015057563781738e-01
7.287652231752872467e-03
8.578603267669677734e-01
1.032083183526992798e-01
2.323960363864898682e-01
9.856306910514831543e-01
1.963007748126983643e-01
9.698119759559631348e-01
2.658626995980739594e-03
8.645815849304199219e-01
9.999992847442626953e-01
4.007173776626586914e-01
9.933264255523681641e-01
9.999775886535644531e-01
9.767401814460754395e-01
9.935470223426818848e-01
7.532558441162109375e-01
2.573062777519226074e-01
1.433569937944412231e-01
1.797263175249099731e-01
7.937162881717085838e-04
1.690121293067932129e-01
1.627124659717082977e-02
2.174326684325933456e-03
7.699635345488786697e-03
5.713884159922599792e-02
9.455920662730932236e-04
3.107905387878417969e-01
1.059199869632720947e-01
9.917232394218444824e-01
9.936046004295349121e-01
4.942062795162200928e-01
3.185231238603591919e-02
8.026271127164363861e-03
8.863980770111083984e-01
9.474805593490600586e-01
9.960057139396667480e-01
9.999564886093139648e-01
9.206638336181640625e-01
9.997612833976745605e-01
7.394891381263732910e-01
1.216382384300231934e-01
9.753884673118591309e-01
9.999979734420776367e-01
7.111161351203918457e-01
9.992178678512573242e-01
9.227939699485432357e-06
2.150689065456390381e-01
1.069458900019526482e-03
9.019966125488281250e-01
1.674568466842174530e-02
8.520631236024200916e-04
7.508505601435899734e-03
8.730839472264051437e-04
1.092792004346847534e-01
1.270980305889679585e-06
1.782484352588653564e-01
3.413529193494468927e-04
2.583022229373455048e-02
8.546905517578125000e-01
2.829219680279493332e-03
3.586558997631072998e-02
9.973840117454528809e-01
1.229143963428214192e-04
1.121634896844625473e-02
3.129623597487807274e-03
1.359206251800060272e-02
4.348222631961107254e-03
1.134603172540664673e-01
1.595140434801578522e-03
1.210888028144836426e-01
7.555363327264785767e-02
4.897585511207580566e-02
1.212313398718833923e-02
8.250416431110352278e-05
4.632205673260614276e-05
3.563660085201263428e-01
1.576225622557103634e-03
1.721531443763524294e-04
7.270997157320380211e-04
3.923126161098480225e-01
2.136731147766113281e-01
1.164879533462226391e-03
1.916648447513580322e-02
1.061272099614143372e-01
1.661225222051143646e-02
1.142907049506902695e-02
7.664689421653747559e-02
5.191437667235732079e-04
5.728230625391006470e-02
7.705343365669250488e-01
2.879500389099121094e-03
7.004307699389755726e-04
2.246143296360969543e-02
1.246023923158645630e-02
9.191503524780273438e-01
9.971547126770019531e-01
7.613932248204946518e-03
1.038716211915016174e-01
1.136589780799113214e-04
2.169146900996565819e-03
3.553797258064150810e-03
2.407702559139579535e-04
1.908797421492636204e-03
4.302812367677688599e-02
2.676891162991523743e-03
5.050429026596248150e-04
2.645182050764560699e-02
8.230832815170288086e-01
7.468023896217346191e-01
1.156230084598064423e-02
9.970518350601196289e-01
9.975945204496383667e-02
3.196764588356018066e-01
1.058901846408843994e-01
1.312394626438617706e-02
1.008528517559170723e-03
2.728761173784732819e-02
5.218309815973043442e-04
1.464830338954925537e-01
9.386384487152099609e-01
