[3.0581207914011821, 0.8102678571428571]
[3.0581207914011821, 0.8102678571428571]
[3.0581207914011821, 0.8102678571428571]
[3.0581207914011821, 0.8102678571428571]
[3.0581207914011821, 0.8102678571428571]
[3.0581207914011821, 0.8102678571428571]
[3.0581207914011821, 0.8102678571428571]
[3.0581207914011821, 0.8102678571428571]
[3.0581207914011821, 0.8102678571428571]
[3.0581207914011821, 0.8102678571428571]
[3.0581207914011821, 0.8102678571428571]
[3.0581207914011821, 0.8102678571428571]
[3.0581207914011821, 0.8102678571428571]
[3.0581207914011821, 0.8102678571428571]
[3.0581207914011821, 0.8102678571428571]
[3.0581207914011821, 0.8102678571428571]
[3.0581207914011821, 0.8102678571428571]
[3.0581207914011821, 0.8102678571428571]
[3.0581207914011821, 0.8102678571428571]
[3.0581207914011821, 0.8102678571428571]
[3.0581207914011821, 0.8102678571428571]
[3.0581207914011821, 0.8102678571428571]
[3.0581207914011821, 0.8102678571428571]
[3.0581207914011821, 0.8102678571428571]
[3.0581207914011821, 0.8102678571428571]
[3.0581207914011821, 0.8102678571428571]
[3.0581207914011821, 0.8102678571428571]
[3.0581207914011821, 0.8102678571428571]
[3.0581207914011821, 0.8102678571428571]
[3.0581207914011821, 0.8102678571428571]
