[3.0581208126885548, 0.8102678571428571]
[3.0581208126885548, 0.8102678571428571]
[0.62170810358864925, 0.8102678571428571]
[0.49092540570667814, 0.8102678571428571]
[0.49175183262143818, 0.8102678571428571]
[0.48363813598241123, 0.8102678571428571]
[0.49392273702791761, 0.8102678571428571]
[0.48320148459502626, 0.8102678571428571]
[0.48364674140300068, 0.8102678571428571]
[0.49057386283363613, 0.8102678571428571]
[0.48599561197417124, 0.8102678571428571]
[0.48509004499231068, 0.8102678571428571]
[0.48114999224032673, 0.8102678571428571]
[0.48447349401456968, 0.8102678571428571]
[0.48831976843731745, 0.8102678571428571]
[0.48040484370929853, 0.8102678571428571]
[0.48798663914203644, 0.8102678571428571]
[0.47436726625476566, 0.8102678571428571]
[0.47583778841154917, 0.8102678571428571]
[0.49021847120353151, 0.8102678571428571]
[0.4756455070206097, 0.8102678571428571]
[0.47388073908431189, 0.8102678571428571]
[0.47559125295707155, 0.8102678571428571]
[0.47845178044268061, 0.8102678571428571]
[0.47806735017469953, 0.8102678571428571]
[0.47089501789637972, 0.8102678571428571]
[0.46675784885883331, 0.8102678571428571]
[0.47300884234053747, 0.8102678571428571]
[0.47486252657004763, 0.8102678571428571]
[0.47902504886899677, 0.8102678571428571]
